1088
912
928
1392
1264
1408
832
1488
1904
848
608
784
1520
1968
1232
1697
1633
1488
1312
1857
1520
1328
1504
1424
960
1392
1681
1248
1760
1520
1120
1361
1424
1265
720
1152
1681
1393
1377
1072
1585
1569
1153
1152
1713
976
1457
1585
1841
1761
1089
1713
2497
1617
1713
1425
1169
2081
1681
1377
896
1553
993
1809
1201
2001
1585
1745
1393
1681
1617
1761
1809
2145
929
1313
1697
1201
1841
1681
2737
2001
1873
1169
1217
1841
2065
1521
2049
2049
1697
2193
2305
2385
2321
2353
2401
2785
2801
2321
2433
3265
3137
3489
3105
2945
2257
3409
2881
3201
3345
3809
3009
3489
3265
3153
3137
3857
3809
3873
3761
3889
4321
4497
4497
4593
4177
4593
4017
4897
4161
4865
5041
4929
5826
5298
6034
5394
5890
5826
5057
5810
6690
6658
5698
5986
6466
6322
6194
6818
6786
6914
6994
6914
6930
7362
7266
7394
7298
7122
7282
7634
7122
7378
7922
7826
7410
7826
7858
7906
7218
7874
7634
7602
7810
8386
7250
8194
7570
7794
8050
7874
7746
7538
7906
7330
7282
7026
7714
7730
7266
7010
7234
7506
7506
7106
7042
6978
6978
6626
7442
6674
7122
6706
6146
5650
6098
5842
5394
5682
5826
5730
5489
5586
4753
5553
4657
4945
5105
5153
4737
4065
5649
5169
4513
4497
3761
3729
3329
3649
4257
3729
3025
3521
3361
3153
3201
3137
3201
3025
3121
3281
3313
3281
3169
2961
2673
2801
3041
2337
2017
3057
2225
2273
2433
2337
2497
2225
2369
2657
2465
1841
2113
2401
2385
1505
2305
2529
1489
2337
1713
1777
1841
2001
2065
1713
1633
1841
1505
1937
2401
1665
1985
1681
1249
1601
1793
1873
2257
1937
1521
2001
1665
1857
1761
1921
1393
1585
1873
1409
1488
1761
1841
1393
1521
1569
848
2097
1777
1393
1921
1905
1633
1793
1505
1361
1329
2001
1633
1873
1425
1217
1793
1745
1713
1969
1329
2097
1617
1905
1649
1905
1937
1729
1024
1616
1120
976
1425
1248
1536
1568
1456
1424
1072
896
1632
1904
960
800
1184
1808
1936
1648
2017
1425
1424
1344
1921
1568
1216
1728
1312
1312
1280
1745
1216
1504
1168
928
1361
1200
1361
1296
1424
1489
1985
1393
1520
1729
1729
1217
1824
1665
1440
2065
1601
2081
1569
1185
1617
1889
977
1905
1953
929
2273
1377
1393
896
1633
977
2049
1297
1841
1601
1761
2049
2001
1857
2321
1809
2033
1441
1729
1873
1921
1809
1729
2337
2001
2401
1361
2449
2225
2113
2033
2081
2593
2273
2257
2993
2449
2849
2545
2689
2961
2865
2721
3041
3089
3073
3329
3201
3089
2513
2785
3105
3617
3713
3121
3281
3665
3761
3281
3425
3633
4065
3905
3665
3905
4321
4177
4289
4033
3921
3761
3985
4849
4273
5105
4433
4561
4785
4817
5105
5025
5490
5537
4913
4881
5681
5826
4962
5682
5618
5426
5874
6034
6290
5634
5762
5602
5762
6018
6450
6338
6242
6066
6274
6258
5682
6306
6642
5986
6386
6770
6194
6274
6290
6274
6562
6418
6514
6818
6098
6482
6290
6402
6642
5986
6466
6082
6738
6162
5922
5890
6306
6242
6354
5906
5842
5762
6082
6018
5746
5906
5585
5538
6354
5218
6162
5570
5249
5234
5138
5345
5025
4385
5346
4481
4913
4689
4625
4865
4481
4817
4417
4385
4593
3921
4513
4273
4209
4145
3521
3361
3473
3057
3809
4081
3233
3025
3105
2993
2833
3345
3889
3153
2769
3185
3073
3233
2897
2897
2881
3137
3617
2833
2385
3361
2721
2481
2529
2977
2785
2737
2417
2337
2577
2049
2049
2849
2417
2177
2769
2753
2209
2097
2241
2353
2273
2561
1953
2289
1953
2369
1489
2065
2801
1777
1841
1921
1521
1537
1697
2641
2257
2385
1553
2257
2321
1937
1937
2145
1457
1777
2193
1649
2081
1473
2097
1377
1921
2113
1361
1489
1873
1793
2001
2385
2001
1793
1441
1152
1521
1825
1873
1569
1553
1537
1969
2161
1665
1889
1137
2049
1697
1505
1601
1505
2033
1633
1713
1857
1905
1569
1184
1376
992
1344
1616
1744
1408
1360
1440
1744
1152
1248
1328
1776
2192
1504
1921
1793
1104
1600
2081
1296
1072
1840
1616
1264
1520
1921
1072
1456
1488
1088
1921
1408
1905
1584
1664
1633
1953
2577
1456
1953
2129
1553
1216
1905
1744
2113
2305
2177
1793
1233
1649
2097
1521
1601
2209
1665
2337
1665
1489
1312
2081
2129
1889
1121
1969
1217
2321
2625
2513
1953
2609
2833
2401
1377
2369
2353
2273
2113
2369
2817
1713
2561
1681
2289
2673
2593
2577
2177
2529
2737
2369
3089
2929
2769
3201
2433
3297
3329
2385
2993
2833
3169
3905
3169
2817
2945
3393
2945
3617
3633
3393
3537
3617
3713
3217
3569
3217
4017
3377
3585
3793
3697
3505
4081
4177
3633
4321
3473
4065
3633
4385
4129
4225
4641
4705
4801
4721
4897
4689
4833
4817
5169
5153
4801
4497
4337
4737
4785
5025
5425
5201
5025
4849
4961
5425
5521
5393
5330
4705
5378
5682
5074
5330
5730
4961
5346
5505
5570
5442
5314
5634
5313
5666
5297
5794
5090
5682
5378
5682
5714
5186
5810
5394
5410
5217
5298
5186
5185
5409
5217
4705
5105
5458
5249
5393
4929
5313
5457
4929
5841
4529
5185
4849
4673
4305
4513
4705
4625
4193
4417
4785
4401
3969
3953
4433
4177
4321
4561
4609
3969
3617
4401
4369
3601
4033
3681
3617
3537
3681
3905
3777
3105
3249
2833
3441
3345
3201
3697
3169
3505
3313
3233
3185
3105
3681
3009
3089
3809
3185
3153
3361
2849
2609
2353
2865
2993
2833
2737
3009
2977
2321
2225
2385
2273
2657
2689
3137
2065
2801
2081
2209
2145
2193
2497
2033
2241
2161
1633
2273
2897
2033
1969
2305
1249
1969
2001
2657
2753
2305
2225
2113
1809
2353
2433
2785
2177
1793
2097
1777
2193
2049
2113
1681
1713
2225
1473
2241
1937
1665
2577
1889
1857
1569
1200
1777
1985
2129
1665
2193
1809
1729
1953
1441
2033
2001
1521
2017
1777
1473
1825
1905
2257
2177
1601
2481
2065
1569
1761
1152
1120
1376
1456
1504
1904
1424
1936
2304
1488
1456
1264
2080
2000
1392
2481
2065
1728
1808
2545
1280
1376
1984
1808
1632
1712
1857
1744
2256
1664
1616
2145
1840
1793
1536
1808
1569
2305
2129
1568
2145
1937
1633
1792
2225
2048
2257
1857
2849
1809
1681
2193
2385
1953
2145
2497
1441
2641
1761
2433
1312
2065
2257
2497
1857
2609
1809
2321
2289
2385
2801
2369
2577
2337
1537
2129
2369
2289
2129
2289
2833
2193
2833
1777
2001
2705
2673
2545
2305
2417
2561
2465
2945
3201
2641
2865
2817
3425
3297
2593
3265
3409
3265
3489
3521
2993
2529
3361
2721
3233
3921
3329
3505
3537
3521
3073
3457
3377
4225
3793
3473
3281
3537
3857
3313
3937
3921
3889
3569
4065
3505
4161
4209
4113
4785
3761
4529
4673
4369
4625
4593
4337
5137
4945
3969
4257
4577
4545
4241
4305
4977
4369
4865
4673
4577
5201
4993
5137
4833
4753
4801
4769
4481
4785
5137
4641
4497
5057
4833
4833
4481
4993
4833
4801
4785
5009
4753
5201
4545
5105
5233
4513
5025
4897
4673
4737
4657
4849
4673
5025
5057
4561
4593
4865
4913
4721
4385
4289
4881
4545
5313
4001
5217
4769
4625
3713
4097
4321
3873
3857
4177
4705
4321
4241
3553
4529
4193
4145
4129
4033
4177
3169
4433
3617
3633
3521
3665
3793
3489
3233
3425
3425
3265
3473
3137
3713
3153
3249
3649
3201
3153
3265
3537
3329
3361
3345
3585
2817
3457
2673
2993
3105
3057
2721
2737
2737
2593
2321
2449
2689
2977
2449
2625
2913
2881
2273
2817
3185
2401
2929
2737
2801
2897
2833
2417
2737
2033
2753
1841
2433
3265
2369
2865
2177
1681
2545
2289
2913
2865
2705
2385
2705
2625
2625
2433
2593
1521
2033
1825
2257
2369
2225
2145
2065
1921
2129
1985
2145
2273
2385
2369
2161
2497
2017
2417
1729
2065
2113
1793
1809
2385
1937
2113
2065
2273
1985
1665
2321
1841
1985
2081
2017
1921
1841
1729
2577
2241
1905
2097
1584
1184
1680
1680
1728
1712
1488
1568
1904
1168
880
1088
1824
2000
1824
2065
1569
1808
1552
2401
2048
1760
1920
1616
1472
1616
2145
1744
1920
2016
1712
2241
1360
2129
1680
1616
2321
2145
2081
2016
1537
2097
1745
1664
2337
1920
2001
2177
2625
2065
1537
2657
2673
1905
2545
2897
2033
2753
2369
1969
1504
2401
2513
2049
1937
2625
1921
2561
2337
2833
2625
2849
2785
2641
1953
2769
2593
2369
2817
2369
2785
2561
2817
2145
2433
3105
2833
2449
2353
2897
2705
2785
2849
3041
3313
2977
2689
3201
3313
2769
2961
3361
3361
3441
3489
2993
3041
3249
2929
3265
3729
3457
3361
3521
3377
3089
3393
3201
3553
3249
3361
3681
3313
3681
3601
3601
3617
3969
3201
3953
3521
4129
3697
3489
3905
3697
4513
4097
3793
3921
4225
3937
4497
4401
3697
3937
4225
4129
3825
4289
4417
4049
4833
4561
4273
4625
4689
4641
4529
4289
4641
4769
3825
4433
4449
4145
4289
4929
4481
4465
4353
4721
4593
4337
4593
4897
3985
4913
4657
4593
4529
4129
4321
4369
4577
4417
4241
4689
4737
4497
4417
3841
3921
4529
4513
4257
3793
4481
4817
4177
4977
3313
4401
4369
4113
3537
3617
3649
3697
3889
4449
4273
4273
4097
3633
4449
3921
4049
4033
3729
4305
3249
4321
3665
3105
3857
3457
3137
2945
2689
3857
3441
3041
2993
3233
3089
3281
3393
3633
2993
3281
2945
3393
3313
3217
3457
3329
2721
3393
3121
3153
3441
3105
3073
2609
3441
3121
3249
2609
2849
3057
2305
2737
2849
2721
2689
3153
3057
2865
2961
2977
2785
2497
2721
2369
2817
2977
2817
2225
2801
3089
2241
2465
2353
2097
2545
2561
3121
3329
3537
2289
2641
2833
2673
2705
2705
2097
2113
2529
2177
2897
2177
2433
1889
1777
2225
1729
2657
2225
2209
2209
3073
2481
2161
2321
1905
2129
2129
2129
1777
2033
1633
2673
1937
2305
2785
2321
2273
1841
1937
2209
1921
2449
1825
2129
2753
2033
2161
1841
1776
1792
1808
2000
1616
1568
1584
1584
2224
1280
1376
1488
2336
2256
1728
2081
2081
2000
2176
2305
1888
1664
2080
1680
1936
1840
2225
1872
2160
1744
1696
1745
1712
2065
1584
1728
2465
2577
2561
1776
2401
2209
2145
1760
2289
1680
2225
2065
2481
2353
1409
2161
2385
1729
2305
2689
1569
2705
2273
1937
1200
2273
2273
2385
2193
2721
1985
2353
2833
2785
2785
2913
2609
2401
1857
2385
2689
2689
2929
2401
2881
2369
2865
2209
2033
2753
2705
2529
2609
3009
2609
2913
2913
2929
2785
3057
2849
3505
3121
2689
3121
3249
2945
3761
3329
3089
2785
3377
3137
3537
3537
2897
3153
3089
3377
3153
3361
3585
3585
3457
3345
3265
3377
3569
3409
3201
3057
3345
3025
4081
3329
3873
3729
3569
4081
3729
4097
3825
3841
3921
3825
3585
3937
4385
2977
3713
4305
3761
4049
4033
3713
4145
4225
3921
4129
4177
3825
4113
4049
3905
4193
3793
3569
3601
3905
3905
3601
4577
4353
4113
3537
4033
4433
3953
4065
4433
3937
4513
3905
4705
4769
4321
4369
4481
4529
3905
3777
3761
4353
4417
4289
3473
3969
4001
3697
3873
3601
4369
4609
4017
4705
3681
4369
3857
3713
3713
3489
3841
3585
3153
4081
4001
4193
3489
3409
4433
3857
3889
4113
3425
3601
3089
4097
3393
3281
3505
3073
3297
3185
3217
3553
3729
3281
3089
3121
3409
3313
3025
3809
3105
3089
3201
3601
3345
3361
3281
2865
2817
3425
3393
2945
3713
2945
2881
2753
2977
3025
3009
2673
2945
3105
2273
2881
2913
3025
3137
3185
3329
2625
3089
2689
3041
3041
3201
3105
2881
2049
2849
2465
2513
3185
2273
2625
2641
2513
2625
2433
2641
3425
2897
2689
2849
2657
2881
2689
2433
2097
1713
2481
2641
2769
2337
2385
2241
2449
2257
1697
2753
2337
2545
3025
2769
2609
2273
1937
2049
2593
2529
2257
2129
2753
1969
2625
2225
2097
2785
1777
2433
2705
2545
2529
2113
2929
1937
1937
2273
1809
2225
2337
1936
2096
1440
2016
2272
1952
1696
1936
2640
1760
1312
1488
2336
2640
1856
2529
1873
1904
2288
2577
1664
1568
2256
1776
1760
1936
2225
1792
2192
1872
1776
2113
2208
2321
2048
1920
2417
2785
2577
1536
2049
2145
2081
1664
2497
1920
2497
2545
2945
2785
2161
2113
2897
2033
2625
3041
1969
2593
2481
2657
1856
2289
2161
2753
1905
2929
2513
2689
2641
2657
2625
2961
2929
2641
1841
2305
2337
2273
2769
2849
3329
2081
3009
2225
2577
2657
2465
2465
2721
3169
2593
2593
2929
2705
3217
2833
3105
3089
3361
2401
2961
3233
3441
3505
3233
3041
2737
3329
3057
3089
3537
3233
3329
3393
3537
2945
3057
2913
3441
2961
2993
3105
3425
3105
3105
3793
3521
2673
2737
3649
3281
3905
3137
3377
3249
3297
4145
3457
3793
3649
3809
3473
4385
3841
3073
3489
3921
3713
3601
3841
3585
3793
3985
3585
3937
4129
3761
4033
3729
3633
3969
3873
3297
4017
3937
3569
3441
3857
4129
4065
3985
4257
4049
3809
4129
4401
3745
4673
3873
4017
4193
3569
4033
4161
4241
3441
3873
3505
3857
4097
4065
3713
3569
3825
3873
4561
3473
3953
3713
3681
4737
3569
4417
4113
4001
3409
3073
3393
3473
2929
3521
3985
3953
4001
3553
4065
3489
3857
4145
3841
3649
2737
4001
3473
3345
3265
3217
2913
3201
3009
3361
3601
2849
3297
3425
3329
2929
2545
3377
2577
3489
2993
3121
3185
3441
3585
3057
3217
3505
2865
2561
3425
2993
3057
2961
2913
2993
3297
2545
3697
3521
2545
3185
2977
3473
2833
3505
3793
2769
3201
3249
3073
2705
2833
2769
2913
2673
3201
2337
2817
3825
2977
3073
2929
2609
2657
2929
3553
3569
3105
2833
2993
2913
2945
2561
2897
2225
2577
2753
2609
2417
2689
3265
2257
2145
2913
2337
2657
2497
2721
2769
2945
2785
2449
2529
2209
3025
2241
2049
2769
2577
2337
2897
2337
2993
3201
1889
2913
2113
2113
2241
2081
2529
2289
2177
2481
1841
1969
2017
2208
2096
2064
1936
2336
2192
1744
1792
2608
1728
2144
1456
2272
2704
1840
2465
2625
2080
2048
2881
2368
1792
2448
2128
2144
2048
2369
1760
1952
2288
1760
2545
2032
2001
1904
2112
2609
2689
2929
2080
2689
2289
2177
2512
2705
2304
2497
2769
2657
2657
2305
2129
2897
2529
2641
2993
2001
3009
2785
2529
2032
2993
2353
2801
2017
2561
1841
2785
2929
2961
2977
2849
2849
2881
2193
2545
2993
2449
2753
2577
2785
2609
3217
2177
2465
2929
2561
3201
2817
3249
3281
2865
3089
2977
2785
2993
2785
3201
3057
3169
3025
3537
3825
3281
3025
2513
2673
3313
3105
3089
3777
3329
3185
3105
2961
3153
3249
2865
3329
3249
3233
3105
3361
3137
3409
3265
2785
3521
2993
3537
3313
3569
3217
3153
3601
3409
3665
3361
3681
3921
3505
3697
4241
4177
3553
3729
3761
3233
3601
3329
3825
3505
3713
3345
3345
3553
3713
3809
3665
3441
3585
3857
3169
3985
4001
3665
3761
4337
4209
3489
3921
3521
4001
3409
4113
4177
3601
3921
3921
3953
4001
3393
3793
3809
4113
3617
3617
3393
4081
3825
4161
3777
3713
3761
3585
3841
3489
3809
4209
3617
4273
3137
4257
3489
3153
3089
3265
3617
2993
2593
3409
3729
3489
3297
3089
3777
2993
3841
3585
3377
3377
2945
4001
3585
3089
3313
3409
2881
2817
3169
3601
3505
2817
3409
3473
2801
3105
2609
3345
2529
2897
3137
3313
3329
3393
3505
3313
3185
3713
2737
2433
3345
2801
2913
3025
3089
3233
2993
2593
3345
3617
2625
3137
2849
2993
2433
3489
3441
2865
3345
2705
2881
3121
2929
3025
3041
2737
2785
1937
2657
3793
2769
3345
2369
2609
2593
2897
3313
3761
3217
2545
3089
2545
2817
2673
2993
2209
2561
2353
2033
2897
2657
2897
2289
2145
2545
2481
3025
2657
2657
2721
2529
2769
2577
2449
2481
2593
2625
2225
2625
2593
2417
2513
2513
2289
3057
2449
3105
2289
2545
1809
2849
2945
2449
2225
2977
2817
2593
2321
2000
1712
1760
2160
1952
2464
2160
2192
2304
1488
1792
2080
2656
2448
2032
2369
2641
2432
2192
2689
2032
1968
2208
2352
1936
2160
2737
2240
2496
2096
2048
2209
1664
2273
2160
2064
2561
2241
2881
2016
2433
2993
2529
2144
3057
1984
2785
2609
3329
2401
2689
2721
2433
2417
2625
2897
2097
2977
2545
2961
2176
2065
2577
2753
2401
3073
2337
2945
2721
3217
2497
2769
3089
2929
2513
2609
2353
2353
2417
2401
3121
2337
3297
2689
2689
2849
3281
2817
3009
3025
2881
2737
3201
2801
3361
3121
2657
3201
2977
2785
2929
3457
3457
3457
3281
3121
3041
3345
2945
3505
3553
2993
2961
2913
3185
2897
2689
3041
3537
3041
2881
2705
3169
3153
3361
3201
3281
3297
2705
3233
3089
3649
3361
3217
3585
3201
3697
3601
3281
3585
3201
3089
3633
3425
3009
3169
3857
3137
3185
3569
3905
3505
3745
3473
3393
3665
4177
3553
3601
3473
3425
3665
3329
3681
3873
3393
3521
3809
3825
4065
3665
3585
3633
3297
3857
3761
3329
4305
3281
3841
3921
3233
3873
3905
3873
3073
3537
3201
4161
3841
3569
3137
3521
3425
4017
3649
3121
3553
3713
3969
4177
3265
3985
3521
3041
2961
3137
3713
3313
2769
3457
3473
3761
3569
3265
3505
3329
3553
3553
3265
2977
2849
3809
2945
3185
3137
2961
3121
2961
3089
3377
3409
3089
3313
3105
3585
3153
2801
3137
3009
2865
3169
3505
3057
3137
3489
3233
3057
3393
2417
2737
3265
3009
3281
3297
3121
2993
2945
2641
3745
3313
2721
3201
3425
2897
2449
3761
3409
2977
3361
3137
3121
2977
3249
3105
3409
2945
3281
2209
3105
3809
2625
2801
3025
2737
2849
2561
3521
3121
3281
2865
2801
3105
3137
3121
3137
2321
1985
2961
2545
2945
2769
3105
2353
2705
2801
2081
3265
2801
2689
3041
2945
3169
2353
3073
2289
2545
2289
2273
2865
2993
2369
2977
2689
2417
3025
2065
3201
2433
2801
2609
2865
3105
2769
2225
2833
2385
2561
2881
